-3.424983099102973938e-02 -1.247636228799819946e-02 -2.233139239251613617e-02 -1.418821886181831360e-02 3.912046179175376892e-02 -3.048020601272583008e-02 1.436180993914604187e-02 -1.613308116793632507e-02 2.199717983603477478e-02 3.362684324383735657e-02 -4.970573261380195618e-02 -2.604473941028118134e-02 -2.831833437085151672e-02 -3.357254341244697571e-02 1.274560764431953430e-02 -1.930366829037666321e-02 1.723264530301094055e-02 3.476452082395553589e-03 2.074325457215309143e-02 3.781339153647422791e-02
-4.146361351013183594e-02 2.573680132627487183e-03 4.574779048562049866e-02 -3.541256114840507507e-02 4.813667759299278259e-02 2.325500175356864929e-02 -3.276817873120307922e-02 -2.071723900735378265e-02 2.345131710171699524e-02 2.101479843258857727e-02 4.597643390297889709e-02 -3.582783788442611694e-02 1.405591890215873718e-02 3.943855687975883484e-02 -4.423799738287925720e-02 -3.167542070150375366e-02 -1.385961845517158508e-02 -4.266142845153808594e-02 -1.814476400613784790e-02 2.497531101107597351e-02
3.690697252750396729e-03 3.203803673386573792e-02 -1.057423278689384460e-02 -3.805106878280639648e-02 3.799320384860038757e-02 -8.859731256961822510e-03 3.052461892366409302e-03 1.416042074561119080e-02 1.282132789492607117e-02 2.334101125597953796e-02 -4.020971059799194336e-02 -4.013865068554878235e-02 4.359281435608863831e-02 2.150172367691993713e-02 2.424370497465133667e-03 3.208302333950996399e-02 -2.078229188919067383e-02 -4.413975402712821960e-02 4.394919052720069885e-02 -1.904112100601196289e-02
1.157053560018539429e-02 2.942656353116035461e-02 2.298058196902275085e-02 4.840709269046783447e-03 -1.976728439331054688e-02 -2.066138945519924164e-02 4.498840495944023132e-02 -3.061527013778686523e-02 -3.662591055035591125e-02 3.234258666634559631e-02 -3.994026035070419312e-02 -3.434363752603530884e-02 -1.050076633691787720e-02 -1.705964654684066772e-02 1.788732782006263733e-02 -1.164770126342773438e-02 1.588075235486030579e-02 -4.874311760067939758e-02 -5.874108523130416870e-03 -2.986047230660915375e-02
1.875248178839683533e-02 1.970897987484931946e-02 -1.024380326271057129e-04 -3.302234411239624023e-02 -1.882985793054103851e-02 -2.992388047277927399e-02 -3.772200271487236023e-02 1.361798122525215149e-02 -4.209540784358978271e-03 -2.627365663647651672e-02 5.328319966793060303e-03 2.940532192587852478e-02 -1.506806537508964539e-02 2.058443799614906311e-02 4.316767677664756775e-02 4.242124781012535095e-02 2.975744381546974182e-02 3.652237728238105774e-02 -3.877872228622436523e-02 1.798331737518310547e-03
3.494774177670478821e-02 2.891606464982032776e-02 1.632120832800865173e-02 3.964017704129219055e-02 4.668332636356353760e-03 4.106917604804039001e-02 2.229698002338409424e-04 -3.197416663169860840e-04 4.814498499035835266e-02 4.737364128232002258e-02 2.466278150677680969e-02 4.767215624451637268e-02 3.969609737396240234e-03 3.012837097048759460e-02 -3.935813903808593750e-02 -4.052201658487319946e-02 -1.291960477828979492e-02 2.463759109377861023e-02 -4.420739412307739258e-02 4.645576700568199158e-02
4.880892112851142883e-02 -2.174154482781887054e-02 1.036904752254486084e-03 8.014965802431106567e-03 -3.762668371200561523e-02 -2.832175604999065399e-02 -2.778521738946437836e-02 -3.431042283773422241e-02 2.826130762696266174e-02 -5.522944033145904541e-03 -2.360039949417114258e-02 3.710139170289039612e-02 1.151455566287040710e-02 3.474042192101478577e-02 3.934105858206748962e-02 8.577205240726470947e-03 -3.916509076952934265e-02 -1.079380512237548828e-03 -6.116688251495361328e-03 1.614369451999664307e-03
-8.227180689573287964e-03 -1.817878335714340210e-02 -1.561357825994491577e-02 5.386315286159515381e-03 1.987767592072486877e-02 -1.363082975149154663e-02 1.001411676406860352e-02 -1.392488554120063782e-02 -4.027321189641952515e-02 -2.314510382711887360e-02 4.827148094773292542e-02 1.655796542763710022e-02 -4.762918874621391296e-02 -3.759659826755523682e-03 -1.865471526980400085e-02 3.834912553429603577e-02 -6.571806967258453369e-03 -3.410997241735458374e-02 3.865638002753257751e-02 -2.210829220712184906e-02
-3.774571418762207031e-02 2.996090427041053772e-02 -2.023018710315227509e-02 4.394249990582466125e-02 4.560004547238349915e-02 -4.185494035482406616e-02 -8.527956902980804443e-03 2.863532677292823792e-02 3.483949974179267883e-02 1.444539800286293030e-02 -4.253292083740234375e-02 -3.440728038549423218e-02 -3.888907283544540405e-02 -3.439306095242500305e-02 2.954800054430961609e-02 4.506930708885192871e-04 2.516493573784828186e-02 1.144884899258613586e-02 1.979423686861991882e-02 -4.329979419708251953e-03
1.782837882637977600e-02 -2.657979726791381836e-02 -4.927697405219078064e-02 -1.205585151910781860e-02 1.731753349304199219e-03 1.159670203924179077e-02 -3.274608403444290161e-03 -3.601981326937675476e-02 2.470685169100761414e-02 6.552912294864654541e-03 1.669100299477577209e-02 4.494335874915122986e-02 3.632313385605812073e-02 -4.009519889950752258e-02 -3.379132598638534546e-02 4.360777512192726135e-02 1.350570097565650940e-02 -4.278191551566123962e-02 -6.532680243253707886e-03 2.302695065736770630e-03
-2.653480879962444305e-02 3.879383578896522522e-02 3.312427923083305359e-02 -2.580257691442966461e-02 -4.796877130866050720e-02 1.652937009930610657e-02 -3.303259611129760742e-02 -3.027164936065673828e-02 -7.493175566196441650e-03 4.910175874829292297e-02 -3.196235746145248413e-02 -1.338290050625801086e-02 1.580390706658363342e-02 -3.167746216058731079e-02 2.594380453228950500e-02 -8.923698216676712036e-03 3.348673507571220398e-02 -8.899904787540435791e-03 2.028224244713783264e-02 2.742594853043556213e-02
-2.993260696530342102e-02 4.417233541607856750e-02 -3.942091390490531921e-02 -2.441843785345554352e-02 1.549995318055152893e-02 -2.959393337368965149e-02 -1.873644441366195679e-02 1.303210482001304626e-02 -3.615385293960571289e-02 3.533766046166419983e-02 1.316655054688453674e-02 2.955175936222076416e-03 2.047990635037422180e-02 3.820358589291572571e-02 -4.315647110342979431e-02 -4.166263341903686523e-02 4.106399789452552795e-02 3.009164705872535706e-02 2.963829785585403442e-03 3.676836565136909485e-02
-3.454532474279403687e-02 -3.820018842816352844e-02 -2.262278832495212555e-02 -1.152978092432022095e-02 2.088351175189018250e-02 -3.527537733316421509e-02 4.441589489579200745e-02 6.889998912811279297e-03 -5.941487848758697510e-03 3.192380443215370178e-02 -7.150530815124511719e-03 1.769082620739936829e-02 -2.123037539422512054e-02 -4.352457448840141296e-02 1.841617003083229065e-02 3.319574519991874695e-02 3.837286308407783508e-02 -3.673107549548149109e-02 -2.027460373938083649e-02 2.168986573815345764e-02
4.414733871817588806e-02 9.756349027156829834e-03 -9.697221219539642334e-03 -4.547493532299995422e-02 -4.549967125058174133e-02 -4.604264721274375916e-02 -3.668805211782455444e-02 3.804000839591026306e-02 -4.613582044839859009e-02 -2.390289306640625000e-02 -4.181415960192680359e-02 -3.047753684222698212e-02 1.024701446294784546e-02 2.423380687832832336e-02 -4.752561077475547791e-02 4.882812500000000000e-03 -3.176943212747573853e-02 -1.149797439575195312e-02 -3.015471808612346649e-02 9.827625006437301636e-03
-1.171706989407539368e-02 -7.556270807981491089e-03 -2.079936303198337555e-02 -2.390503883361816406e-03 2.138206735253334045e-02 -5.887471139430999756e-03 2.214306965470314026e-02 3.327174112200737000e-02 3.226220980286598206e-02 -3.907950967550277710e-02 -4.235466942191123962e-02 7.177889347076416016e-03 -3.288457542657852173e-02 2.475848421454429626e-02 2.050490304827690125e-02 -4.295814782381057739e-03 4.815227910876274109e-02 3.834385052323341370e-02 -3.724117204546928406e-02 -3.579859808087348938e-02
-4.893625900149345398e-02 -4.004593938589096069e-02 -3.723955154418945312e-02 -4.069762304425239563e-02 -2.631094492971897125e-02 2.286386862397193909e-02 1.042123883962631226e-02 3.573811426758766174e-02 5.186520516872406006e-03 -1.410839706659317017e-02 3.914317116141319275e-02 -1.490451022982597351e-02 -9.519301354885101318e-03 2.316874638199806213e-02 3.403030335903167725e-03 1.924372836947441101e-02 3.120372071862220764e-02 2.069560065865516663e-02 8.329082280397415161e-03 -1.556295156478881836e-02
