-4.827916622161865234e-03 7.929421961307525635e-03 1.416137441992759705e-02 3.326619043946266174e-02 -3.856074064970016479e-03 3.431825712323188782e-02 3.248399868607521057e-02 4.287716373801231384e-02 -1.265221834182739258e-02 2.828123793005943298e-02 2.432299032807350159e-02 3.821590915322303772e-02 2.633390203118324280e-02 4.191348329186439514e-02 2.120585367083549500e-02 3.573906794190406799e-02
3.892779722809791565e-02 -1.086369156837463379e-04 1.924664154648780823e-02 3.937174007296562195e-02 2.852982655167579651e-02 -8.840836584568023682e-03 4.739487543702125549e-02 3.852000460028648376e-02 -2.460740879178047180e-02 2.856225147843360901e-02 -1.342860609292984009e-02 -7.509589195251464844e-03 -4.439330101013183594e-02 -5.916070193052291870e-03 -2.075049839913845062e-02 -3.963648155331611633e-02
-5.065869539976119995e-03 -2.797819674015045166e-03 -2.806316688656806946e-02 1.225750520825386047e-02 -3.190294653177261353e-02 -5.869280546903610229e-03 -1.751636341214179993e-02 -1.016843318939208984e-02 2.595870569348335266e-02 4.999282583594322205e-02 3.137877956032752991e-02 3.962126001715660095e-02 6.152413785457611084e-03 -1.225669309496879578e-02 -3.510309383273124695e-02 -4.378794506192207336e-02
4.284305498003959656e-02 2.398357167840003967e-02 -4.321176931262016296e-02 -2.900679223239421844e-02 1.721752062439918518e-02 -1.556987687945365906e-02 2.543682977557182312e-02 -1.843042299151420593e-02 3.164900466799736023e-02 2.489620819687843323e-02 -3.764804452657699585e-02 2.803860977292060852e-02 -2.862266264855861664e-02 3.445010259747505188e-02 -3.764485195279121399e-02 1.650713384151458740e-03
2.393468841910362244e-02 -8.292414247989654541e-03 -8.224450051784515381e-03 -1.126814633607864380e-03 -2.799040079116821289e-02 -2.706563472747802734e-02 -9.975481778383255005e-03 -2.731127850711345673e-02 2.143014594912528992e-02 -4.935195669531822205e-02 3.881951794028282166e-02 -4.022167995572090149e-02 -2.060316875576972961e-02 1.937854662537574768e-02 4.570635780692100525e-02 -2.818895690143108368e-02
-2.872033230960369110e-02 3.115371242165565491e-02 2.090820297598838806e-02 -2.943408489227294922e-02 2.312147989869117737e-02 4.131865873932838440e-02 2.835941687226295471e-02 9.701967239379882812e-03 1.922592148184776306e-02 -2.109993807971477509e-02 9.486615657806396484e-03 2.810679748654365540e-02 -3.887100145220756531e-02 6.018243730068206787e-03 -4.341846704483032227e-02 -4.760108143091201782e-02
1.751364395022392273e-02 4.401354864239692688e-02 2.059056982398033142e-02 2.356952801346778870e-02 -3.584667295217514038e-02 -1.724933460354804993e-02 -2.444583177566528320e-02 1.543338224291801453e-02 -2.206304110586643219e-02 -2.846553362905979156e-02 -1.417968422174453735e-02 -2.489778958261013031e-02 2.052122727036476135e-02 -5.573760718107223511e-03 1.239519193768501282e-02 3.117431327700614929e-02
1.379388943314552307e-02 4.266351833939552307e-02 -9.282648563385009766e-03 3.209134563803672791e-02 -2.901794947683811188e-02 1.064460352063179016e-02 -1.413264125585556030e-02 -3.803876787424087524e-02 1.148898527026176453e-02 3.985441848635673523e-02 3.904142603278160095e-02 4.950305446982383728e-02 -4.905101284384727478e-02 -1.861739158630371094e-02 -4.847654327750205994e-02 -3.431794792413711548e-02
4.093355312943458557e-02 3.990557417273521423e-02 -3.303553164005279541e-02 -5.622588098049163818e-03 4.793461784720420837e-02 1.200914382934570312e-03 4.176850244402885437e-02 -3.431520611047744751e-02 -3.937572240829467773e-02 3.768129274249076843e-02 4.910172149538993835e-02 1.112867519259452820e-02 3.835218027234077454e-02 9.177722036838531494e-03 3.314409032464027405e-02 4.992737993597984314e-02
-1.182464510202407837e-02 8.259572088718414307e-03 3.389260545372962952e-02 2.266320958733558655e-02 -6.842039525508880615e-03 4.095038399100303650e-02 -7.761813700199127197e-03 -1.690598577260971069e-02 4.979534074664115906e-02 2.596742287278175354e-02 3.256580606102943420e-02 3.167996183037757874e-02 2.479250356554985046e-02 3.464565053582191467e-02 -4.159056022763252258e-02 -4.011053964495658875e-02
2.830224111676216125e-02 -7.356859743595123291e-03 -3.449693322181701660e-04 4.400381818413734436e-02 2.734351530671119690e-02 4.579699411988258362e-02 2.008599415421485901e-02 -3.916940838098526001e-02 1.367231830954551697e-02 -2.193629741668701172e-02 -3.490991517901420593e-02 -3.082035854458808899e-02 1.636418327689170837e-02 7.370389997959136963e-03 -4.719554260373115540e-02 2.437769249081611633e-02
-2.855859696865081787e-03 2.813715860247612000e-02 -2.931818924844264984e-02 -3.431979566812515259e-02 4.642378166317939758e-02 -1.711855083703994751e-02 3.255173936486244202e-02 -1.546873897314071655e-02 -1.936215162277221680e-02 4.704299941658973694e-02 -3.639245033264160156e-02 -9.669840335845947266e-03 1.410419866442680359e-02 -1.356206089258193970e-02 1.804622635245323181e-02 -1.932400465011596680e-02
-3.420863300561904907e-02 2.558592334389686584e-02 -1.185845583677291870e-03 -2.092486619949340820e-02 -4.953579977154731750e-02 -4.097186401486396790e-02 -1.672990620136260986e-04 1.215307787060737610e-02 -3.398608416318893433e-03 6.966963410377502441e-04 -1.355111598968505859e-02 4.616513475775718689e-02 2.466156706213951111e-02 -3.951597958803176880e-03 2.634279802441596985e-02 -2.764563634991645813e-02
4.470385238528251648e-02 -2.538511715829372406e-02 1.792887225747108459e-02 2.726895734667778015e-02 -3.717637062072753906e-02 -1.729751750826835632e-02 1.563873514533042908e-02 2.775192260742187500e-03 3.406478092074394226e-02 -3.283124044537544250e-02 3.314245119690895081e-02 -3.350754082202911377e-02 3.019528463482856750e-02 2.305703237652778625e-02 2.299244329333305359e-02 -2.258594147861003876e-02
-1.575041934847831726e-02 4.077970981597900391e-03 -4.433041810989379883e-02 -2.101110294461250305e-02 1.865284517407417297e-02 -1.316253095865249634e-02 -1.891314983367919922e-02 4.294354841113090515e-02 1.959428563714027405e-02 3.655930981040000916e-02 -4.001890495419502258e-02 2.925694361329078674e-02 -1.407353952527046204e-02 6.986033171415328979e-03 -3.226665407419204712e-02 1.979914680123329163e-02
4.234721884131431580e-02 4.950971528887748718e-02 -1.914674043655395508e-02 -1.856243610382080078e-02 4.466206207871437073e-02 -3.273381292819976807e-02 4.551854357123374939e-02 3.181964531540870667e-02 3.881624713540077209e-02 3.778449073433876038e-02 2.126676961779594421e-02 2.753208950161933899e-02 2.705271169543266296e-02 1.841293647885322571e-02 2.285042032599449158e-02 -3.359766304492950439e-02
