-1.344241946935653687e-02 2.589204534888267517e-02 2.513387426733970642e-02 3.627630695700645447e-02 -6.462313234806060791e-03 -4.721889644861221313e-02 -2.358441427350044250e-02 -3.410724550485610962e-02 -3.169827535748481750e-02 -4.063425213098526001e-02 -3.856410831212997437e-02 2.142325416207313538e-02 -3.020967356860637665e-02 9.637355804443359375e-03 -1.988422870635986328e-02 2.469431608915328979e-03 4.476826265454292297e-02 -1.249059289693832397e-02 -1.276744529604911804e-02 -4.641935974359512329e-02
2.886824682354927063e-02 -3.526642173528671265e-02 2.938498184084892273e-02 4.297569766640663147e-02 -1.502851396799087524e-02 2.509120479226112366e-02 -2.331929281353950500e-02 8.342992514371871948e-03 3.650614991784095764e-02 4.662357643246650696e-02 3.143758699297904968e-02 -3.119647502899169922e-02 -3.651564195752143860e-02 3.766101971268653870e-02 1.425499841570854187e-02 -1.941592805087566376e-02 -1.533237844705581665e-02 -2.702198922634124756e-03 3.997428342700004578e-02 -1.460571214556694031e-02
3.536954149603843689e-02 1.301895827054977417e-03 2.589641883969306946e-02 3.768320009112358093e-02 -1.737402752041816711e-02 2.202787622809410095e-02 -2.047561481595039368e-02 1.820863410830497742e-02 1.102337986230850220e-02 -1.408325508236885071e-02 4.178934171795845032e-02 4.886478558182716370e-02 4.527164623141288757e-02 4.977759346365928650e-02 -1.353500038385391235e-02 3.115359321236610413e-02 5.388963967561721802e-03 2.859486266970634460e-02 9.004972875118255615e-03 -1.750756427645683289e-02
4.228128120303153992e-02 2.023262903094291687e-02 3.935761377215385437e-02 3.940444067120552063e-02 4.031086340546607971e-02 -1.459794119000434875e-02 4.474941268563270569e-02 -1.853321865200996399e-02 -3.259028494358062744e-02 3.159793838858604431e-02 3.167572245001792908e-02 -4.010574892163276672e-02 2.219927683472633362e-02 -4.649503156542778015e-02 -4.894065856933593750e-02 2.695890888571739197e-02 4.073370620608329773e-02 -1.389429718255996704e-02 2.369311079382896423e-02 -2.702407911419868469e-02
4.046702757477760315e-02 -2.176880836486816406e-02 3.850356116890907288e-02 2.296853810548782349e-03 3.670376911759376526e-02 -2.519797161221504211e-02 1.793896034359931946e-02 -6.367314606904983521e-03 -8.885812014341354370e-03 2.739815786480903625e-02 -4.542015865445137024e-02 -2.290330827236175537e-03 -2.556154690682888031e-02 -3.806713968515396118e-02 -4.707686975598335266e-02 -1.247224956750869751e-02 3.936401382088661194e-02 2.571569755673408508e-02 -2.430356852710247040e-02 -4.959566518664360046e-02
-3.578292205929756165e-02 4.868100956082344055e-02 3.005999699234962463e-02 3.675385937094688416e-02 -4.757687076926231384e-02 -4.186905547976493835e-02 -3.522855043411254883e-02 7.235586643218994141e-03 -2.457731962203979492e-02 1.171123981475830078e-02 -4.608390480279922485e-02 1.033046096563339233e-02 -4.388798028230667114e-03 -3.954299539327621460e-02 1.321153715252876282e-02 4.549137130379676819e-02 -3.361876308917999268e-02 1.228121668100357056e-02 1.582494005560874939e-02 -3.329439461231231689e-02
3.713151440024375916e-02 3.374708071351051331e-02 2.031618729233741760e-02 4.844892770051956177e-03 4.704819992184638977e-02 1.796163246035575867e-02 4.288114607334136963e-03 -3.417447954416275024e-02 1.100210100412368774e-02 -3.847695887088775635e-03 2.629436552524566650e-03 2.191748842597007751e-02 2.094418928027153015e-02 -3.037482500076293945e-02 -1.891954056918621063e-02 -1.935927942395210266e-02 4.966318607330322266e-03 4.517102614045143127e-02 7.103025913238525391e-03 3.847873583436012268e-02
2.721229568123817444e-02 -1.929204538464546204e-02 3.662567213177680969e-02 -4.476186260581016541e-02 -1.495968177914619446e-02 1.801908016204833984e-03 4.836190119385719299e-02 1.208937168121337891e-02 5.860105156898498535e-04 -2.592008188366889954e-02 -1.271628215909004211e-02 1.183925941586494446e-02 2.210347726941108704e-02 2.631355077028274536e-03 5.594205111265182495e-03 4.984400048851966858e-02 1.417737081646919250e-02 -3.344063833355903625e-02 -2.048048935830593109e-02 -3.215298801660537720e-02
2.330467477440834045e-02 2.219294384121894836e-02 -4.963880777359008789e-02 -2.534675598144531250e-02 -5.924813449382781982e-04 1.690293475985527039e-02 -3.724746778607368469e-02 2.718278393149375916e-02 2.414608374238014221e-02 -3.136227279901504517e-02 -2.537672594189643860e-02 -1.098179817199707031e-02 4.899920150637626648e-02 2.136087790131568909e-02 2.690918371081352234e-02 -3.772653266787528992e-02 2.853098884224891663e-02 2.764593809843063354e-03 -2.918491326272487640e-02 -4.767291620373725891e-02
-3.201890736818313599e-03 6.715308874845504761e-03 -1.912313699722290039e-02 1.314115896821022034e-02 8.460402488708496094e-03 -3.696642071008682251e-02 -1.553578302264213562e-02 -2.656224928796291351e-02 -1.186750084161758423e-02 2.232914045453071594e-02 -3.147589042782783508e-02 -4.061347246170043945e-02 -1.482165977358818054e-02 -3.516808897256851196e-02 2.342678606510162354e-03 -3.693538904190063477e-02 1.521930098533630371e-04 -4.209221526980400085e-02 4.575404152274131775e-02 -4.114418104290962219e-02
-1.648452132940292358e-02 2.955024316906929016e-02 -2.482940070331096649e-02 7.410369813442230225e-03 -4.005444049835205078e-02 2.998146042227745056e-02 4.394895210862159729e-02 2.338428422808647156e-02 1.128042861819267273e-02 -1.362659037113189697e-03 2.114827558398246765e-02 -9.542953222990036011e-03 3.482237830758094788e-02 1.536278799176216125e-02 1.558735594153404236e-02 -3.348495066165924072e-02 -3.220257908105850220e-02 3.417514637112617493e-02 -2.474879100918769836e-02 3.791243955492973328e-02
-2.630453184247016907e-02 2.247626706957817078e-02 4.762658849358558655e-02 -6.141960620880126953e-03 -2.956221066415309906e-02 2.791514620184898376e-02 -4.842355474829673767e-02 2.064596489071846008e-02 1.457578316330909729e-02 -2.840057574212551117e-02 4.869249090552330017e-02 -2.221505716443061829e-02 -2.007000148296356201e-04 4.975671693682670593e-02 -2.339962683618068695e-02 2.520202472805976868e-02 -4.178481176495552063e-02 1.804567873477935791e-03 -3.284104168415069580e-02 2.115586027503013611e-02
2.187373861670494080e-02 4.761750623583793640e-02 -2.746902778744697571e-02 -1.348792389035224915e-02 2.567757293581962585e-02 -3.011447191238403320e-02 3.940952196717262268e-02 -4.333427175879478455e-02 3.403259441256523132e-02 -1.118947193026542664e-02 4.249062761664390564e-02 -2.751098945736885071e-02 -3.913801908493041992e-02 6.779156625270843506e-03 3.887225314974784851e-02 3.453462198376655579e-02 -3.723695129156112671e-02 -3.621394559741020203e-02 4.245961084961891174e-02 2.363225445151329041e-02
4.506572708487510681e-02 2.470186725258827209e-02 9.001147001981735229e-03 -1.858190447092056274e-02 -9.093295782804489136e-03 -1.645085960626602173e-02 -2.080167643725872040e-02 2.265954390168190002e-02 1.376319304108619690e-02 1.258379593491554260e-02 4.122764244675636292e-02 -1.699824258685112000e-02 -2.006362751126289368e-02 1.562384143471717834e-02 4.020534455776214600e-03 7.128883153200149536e-03 -1.636232063174247742e-02 -3.485874086618423462e-02 2.466000616550445557e-03 -1.846342161297798157e-02
4.678232595324516296e-02 2.026248350739479065e-02 -2.164038456976413727e-02 4.554914310574531555e-02 -8.939921855926513672e-03 -4.586013779044151306e-02 -2.635983191430568695e-02 1.250595971941947937e-02 3.760468214750289917e-03 9.946189820766448975e-03 4.112620279192924500e-02 -3.381893783807754517e-02 7.987357676029205322e-03 4.070678725838661194e-02 6.142631173133850098e-04 4.251259937882423401e-02 1.330003142356872559e-04 -1.088612154126167297e-02 -8.107282221317291260e-03 -3.579399734735488892e-02
-2.142717875540256500e-02 3.213879093527793884e-02 3.088911995291709900e-02 4.503996297717094421e-02 -4.177063703536987305e-02 -3.527388721704483032e-02 -2.693412266671657562e-02 -3.031066618859767914e-02 7.418215274810791016e-03 -3.133819252252578735e-02 3.518699482083320618e-02 3.913186863064765930e-02 3.548895195126533508e-02 7.144354283809661865e-03 -4.208784177899360657e-02 -4.822836071252822876e-02 1.051123067736625671e-02 -1.787990331649780273e-02 -2.656145207583904266e-02 4.376442357897758484e-02
